Mouse	Silver	Antibiotics	WBC	RBC	HGB	HCT	MCV	MCH	MCHC	RDW	PLT 	MPV	NEpct	LYpct	MOpct	EOpct	BApct	NE	LY	MO	EO	BA
C 01	Control	No Ab	6.2	8.88	134	0.414	47	15	322	12.7	1114	7.5	18	80.7	1	0.1	0.2	1.1	4.94	0.06	0	0.02
C 03	Control	No Ab	6.2	5.58	86	0.26	47	15.5	333	12.1	536	4.9	2.45	72.8	2.1	0.4	0.2	1.52	4.52	0.14	0.02	0.02
C 04	Control	No Ab	2.2	4.24	62	0.192	45	14.6	323	14.1	572	5	36.9	60.1	2.2	0.6	0.2	0.82	1.34	0.04	0.02	0
C 05	Control	No Ab	4.8	7.6	112	0.344	45	14.7	324	14.6	1102	4.9	35.9	58.8	3.7	1.5	0.1	1.7	2.8	0.18	0.08	0
C 06	Control	No Ab	5.2	4.5	68	0.2	45	14.9	335	12.4	562	4.9	21.9	75.4	1.2	1.3	0.2	1.14	3.9	0.06	0.06	0.02
C 07	Control	No Ab	8.4	4.4	66	0.204	46	1.49	321	12.3	600	7	21.9	74.9	1.6	1.3	0.3	1.84	6.3	0.14	0.1	0.02
C 08	Control	No Ab	7	10.92	162	0.506	46	14.8	319	13	1044	5	20.3	77.6	1	0.9	0.2	1.44	5.48	0.08	0.06	0.02
C 09	Control	No Ab	5.2	3.44	52	0.154	45	15.1	338	13.6	54	5.7	25.2	68.6	3.6	2.1	0.5	1.3	3.54	0.18	0.1	0.02
C 10	Control	No Ab	11	2.4	36	0.106	45	0	0	13.2	422	7.3	25.2	70.7	3.4	0.6	0.1	2.76	7.76	0.38	0.06	0.02
Ag10 11	Ag10	No Ab	5.8	5.42	84	0.25	46	15.4	335	12.7	654	4.7	22.4	76.3	1.1	0.1	0.1	1.3	4.4	0.06	0	0
Ag10 12	Ag10	No Ab	0.4	1.62	26	0.074	45	0	0	12.7	26	17.9	23.6	61.3	2.1	4.7	8.3	0.1	0.28	0	0.02	0.04
Ag10 13	Ag10	No Ab	7.2	9.32	142	0.434	47	15.1	325	11.9	980	4.9	19.4	79.2	1.3	0	0.1	1.4	5.74	0.1	0	0
Ag10 14	Ag10	No Ab	7.2	7.78	118	0.364	47	15.1	324	11.8	920	4.7	29.1	67.9	1.5	1.4	0.1	2.06	4.82	0.1	0.1	0
Ag10 15	Ag10	No Ab	7.8	3.64	56	0.166	46	15.4	337	12	406	5.3	20.9	75.1	2.9	0.8	0.3	1.64	5.88	0.22	0.06	0.02
Ag10 16	Ag10	No Ab	5.8	8.8	132	0.41	47	14.9	319	12.3	780	5	23.9	72.5	1.2	2.2	0.2	1.38	4.2	0.06	0.12	0.02
Ag10 17	Ag10	No Ab	6.8	9.2	136	0.418	45	14.9	327	13.4	932	4.7	20.7	77.6	0.9	0.8	0	1.4	5.24	0.06	0.06	0
Ag10 18	Ag10	No Ab	6.4	8.76	130	0.404	46	14.9	322	12.7	978	4.9	21.2	77	0.7	1	0.1	1.34	4.88	0.04	0.06	0
Ag10 19	Ag10	No Ab	10.6	8.4	126	0.39	46	15.1	324	12.3	630	5.1	22.5	73.6	2.9	0.8	0.2	2.4	7.82	0.3	0.08	0.02
Ag10 20	Ag10	No Ab	8.4	4.22	64	0.19	45	15	333	12.9	556	5	23.3	74.7	1.2	0.7	0.1	1.94	6.24	0.1	0.06	0
Ag50 21	Ag50	No Ab	6.4	8.02	120	0.366	46	15	328	12.8	814	4.7	20.1	77.4	1.1	0.9	0.5	1.28	4.94	0.08	0.06	0.04
Ag50 22	Ag50	No Ab	7	8.24	124	0.388	47	15	318	13.1	780	4.9	21.2	76.3	1.4	1	0.1	1.48	5.3	0.1	0.06	0
Ag50 23	Ag50	No Ab	9.8	8.54	130	0.398	47	15.2	328	12.4	1056	4.9	18	79.2	1.7	0.9	0.2	1.76	7.72	0.16	0.08	0.02
Ag50 24	Ag50	No Ab	6	8.34	124	0.388	46	14.8	319	12.5	992	4.9	21.6	75.4	1.5	1.1	0.4	1.32	4.6	0.1	0.06	0.02
Ag50 25	Ag50	No Ab	6	3.52	54	0.16	45	15.3	338	13.1	526	6.9	24.6	71.3	2.5	1.4	0.2	1.48	4.26	0.14	0.08	0.02
Ag50 26	Ag50	No Ab	5.6	3.26	48	0.146	45	15	334	13.1	280	5	20.1	76.7	2.3	0.7	0.2	1.14	4.36	0.14	0.04	0.02
Ag50 28	Ag50	No Ab	6.2	6.92	102	0.314	46	14.7	323	13.3	866	4.9	18.2	78.3	2.7	0.7	0.1	1.14	4.9	0.16	0.04	0
Ag50 29	Ag50	No Ab	9.2	9.72	144	0.446	46	14.7	321	12.9	1066	4.9	23.1	74.8	1.1	0.8	0.2	2.12	6.84	0.1	0.08	0.02
Ag50 30	Ag50	No Ab	8.4	6.04	90	0.27	45	14.8	331	13.3	842	4.9	27	70.3	1.3	1.4	0	2.26	5.88	0.1	0.12	0
Ab 31	Control	With Ab	7	7.1	106	0.324	46	15	327	12.5	708	4.9	27.6	65.8	3	3.5	0.1	1.92	4.58	0.2	0.24	0
Ab 32	Control	With Ab	6.2	8.68	130	0.396	46	15	328	12.7	894	4.9	25.4	66.9	6.4	1	0.3	1.6	4.2	0.4	0.06	0.02
Ab 33	Control	With Ab	5.4	8.5	128	0.392	46	15	325	12.4	348	11.1	19.6	77.9	0.9	1	0.6	1.06	4.22	0.04	0.06	0.04
Ab 34	Control	With Ab	7	6.14	92	0.286	46	14.9	321	11.9	626	4.9	24.6	71.7	2.3	1.1	0.3	1.74	5.08	0.16	0.08	0.02
Ab 35	Control	With Ab	8.2	16	236	0.748	47	14.7	316	12.8	1526	4.9	22.5	72.1	4.2	1.1	0.1	1.86	5.96	0.34	0.1	0
Ab 36	Control	With Ab	7.4	2.72	42	0.12	44	15.3	348	12.7	354	4.7	20.5	75.6	3.3	0.5	0.1	1.5	5.56	0.24	0.04	0
Ab 37	Control	With Ab	7.4	4.08	60	0.178	44	14.8	339	12.8	484	4.7	22.4	73.8	3.1	0.6	0.1	1.64	5.42	0.22	0.04	0
Ab 38	Control	With Ab	6.6	8.7	124	0.376	43	14.1	327	14.2	1434	5	29.6	65.9	3.1	1.3	0.1	1.98	4.42	0.2	0.08	0
Ab 40	Control	With Ab	5	2.06	32	0.092	44	0	0	13.6	242	4.9	19.6	75	4	1.2	0.2	0.98	3.72	0.2	0.06	0
AbAg10 41	Ag10	With Ab	7	7.98	118	0.366	46	14.9	326	12.2	952	4.7	24.1	72.8	2	1	0.1	1.7	5.14	0.14	0.08	0
AbAg10 42	Ag10	With Ab	5.6	5.16	106	0.324	45	14.8	328	11.8	820	4.7	30.8	65.7	2.2	0.9	0.4	1.7	3.64	0.12	0.04	0.02
AbAg10 43	Ag10	With Ab	4.2	7.32	108	0.334	45	14.6	322	12.6	908	4.7	20.3	78.5	0.9	0.2	0.1	0.84	3.28	0.04	0	0
AbAg10 44	Ag10	With Ab	6.4	7	106	0.32	46	15.2	333	12.4	888	4.9	34.8	57.5	2.9	4.7	0.1	2.26	3.72	0.18	0.3	0
AbAg10 45	Ag10	With Ab	4.4	4.34	64	0.194	45	14.9	331	12.8	570	4.9	24.6	73	1.2	1.1	0.1	1.06	3.18	0.06	0.04	0
AbAg10 46	Ag10	With Ab	4.8	5.12	74	0.228	45	14.6	327	12	612	4.9	25.4	70.3	3.1	1.1	0.1	1.22	3.4	0.14	0.06	0
AbAg10 47	Ag10	With Ab	3.8	4.62	66	0.208	45	14.5	323	12.5	622	4.7	28.2	67.8	1.9	2	0.1	1.08	2.58	0.08	0.08	0
AbAg10 48	Ag10	With Ab	6.2	6.44	94	0.288	45	14.5	325	12.2	760	4.9	20.3	74.5	3.8	1.1	0.3	1.26	4.58	0.24	0.06	0.02
AbAg10 49	Ag10	With Ab	4.2	6.16	92	0.276	45	15	334	12	726	4.7	22.3	75.8	1.2	0.5	0.2	0.92	3.14	0.04	0.02	0
AbAg10 50	Ag10	With Ab	4	8.8	128	0.396	45	14.5	323	13.7	1136	4.9	26.2	69.2	4.1	0.2	0.3	1.06	2.8	0.16	0	0.02
AbAg50 51	Ag50	With Ab	5.2	8.18	118	3.66	45	14.4	322	14.1	936	4.9	43.2	48.2	3	5.5	0.1	2.28	2.54	0.16	0.28	0
AbAg50 52	Ag50	With Ab	5	6.76	102	0.312	46	15.2	330	12.5	896	4.7	26.6	70.8	1.4	1.1	0.1	1.32	3.54	0.06	0.06	0
AbAg50 53	Ag50	With Ab	4	3.26	48	0.146	45	14.9	331	12	444	4.7	22.8	75	1.9	0.3	0	0.92	3	0.08	0.02	0
AbAg50 54	Ag50	With Ab	5.4	9.04	132	0.41	45	14.6	321	11.5	968	4.7	43.8	38.3	5.5	12.4	0	2.38	2.08	0.3	0.68	0
AbAg50 55	Ag50	With Ab	4.6	3.54	52	0.156	44	14.8	335	12.3	608	5	24.9	69.6	3.6	1.6	0.3	1.12	3.16	0.16	0.08	0.02
AbAg50 56	Ag50	With Ab	1.8	4.7	72	0.212	45	15.1	337	11.8	80	20.2	9.8	88.6	1.1	0.2	0.3	0.16	1.52	0.02	0	0
AbAg50 57	Ag50	With Ab	6.6	4.44	68	0.2	45	15.3	340	13.1	134	5.1	19.1	76.9	2.4	1.4	0.2	1.24	5.02	0.16	0.1	0.02
AbAg50 58	Ag50	With Ab	3.6	7.36	106	0.326	44	14.5	327	12	840	4.9	24.6	69.9	3.9	1.1	0.5	0.9	2.54	0.14	0.04	0.02
AbAg50 59	Ag50	With Ab	4.8	9	130	0.398	44	14.5	330	12.6	978	5.1	33.6	61.5	2.5	1.9	0.5	1.58	2.9	0.12	0.08	0.02
AbAg50 60	Ag50	With Ab	4.2	4.26	62	0.186	44	14.4	330	12.4	524	4.9	23	71.8	4.4	0.5	0.3	0.94	2.96	0.18	0.02	0.02
